Input_Rate
linear_road-streamsluice-streamsluice-2190-30-1000-10-2-100-20-2000-4-100-60-1500-2000-100-0.5-true-3-true-1 500 1.0 293.7092474312691 7.473603333333333
linear_road-streamsluice-streamsluice-2190-30-1000-10-2-100-20-2000-4-100-60-1500-2000-100-0.75-true-3-true-1 750 0.9955567897806165 331.1355179116912 9.67107388888889
Xlinear_road-streamsluice-streamsluice-2190-30-1000-10-2-100-20-2000-4-100-60-1500-2000-100-1.0-true-3-true-1 1000 0.9676609980485085 421.21076108168387 12.425141111111111
linear_road-streamsluice-streamsluice-2190-30-1000-10-2-100-20-2000-4-100-60-1500-2000-100-1-0-0.0-true-3-true-3 1000 1.0 332.1133018605943 12.286006111111112
Xlinear_road-streamsluice-streamsluice-2190-30-1000-10-2-100-20-2000-4-100-60-1500-2000-100-1.25-0-0.0-true-3-true-1 1250 0.9389461945915807 636.091998884862 17.68339111111111
linear_road-streamsluice-streamsluice-2190-30-1000-10-2-100-20-2000-4-100-60-1500-2000-100-1.25-0-0.0-true-3-true-2 1250 0.9444909344490935 642.8675034867504 15.646596666666667
linear_road-streamsluice-streamsluice-2190-30-1000-10-2-100-20-2000-4-100-60-1500-2000-100-1.5-true-3-true-1 1500 0.9371523915461624 692.0175194660734 18.996454444444446
Xlinear_road-streamsluice-streamsluice-2190-30-1000-10-2-100-20-2000-4-100-60-1500-2000-100-1.5-0-0.0-true-3-true-2 1500 0.8605755797708857 1506.5138306789606 20.278920555555555
linear_road-streamsluice-streamsluice-2190-30-1000-10-2-100-20-2000-4-100-60-1500-2000-100-2.0-0-0.0-true-3-true-1 2000 0.7300028066236318 2052.8896996912713 35.19859


Processing_Rate
linear_road-streamsluice-streamsluice-2190-30-1000-10-2-100-20-2000-4-100-60-500-2000-100-1-0-0.0-true-3-true-1 2000 0.9997222993612885 271.65093029713967 7.7181122222222225
linear_road-streamsluice-streamsluice-2190-30-1000-10-2-100-20-2000-4-100-60-750-2000-100-1-0-0.0-true-3-true-3 1333 0.9811163565676201 394.61121910580397 8.929370555555556
Xlinear_road-streamsluice-streamsluice-2190-30-1000-10-2-100-20-2000-4-100-60-1000-2000-100-1-0-0.0-true-3-true-1 1000 0.972785337406276 517.6287142460428 9.965792777777779
linear_road-streamsluice-streamsluice-2190-30-1000-10-2-100-20-2000-4-100-60-1125-2000-100-1-0-0.0-true-3-true-3 889 0.9991668980838656 320.25298528186613 10.497477777777778
linear_road-streamsluice-streamsluice-2190-30-1000-10-2-100-20-2000-4-100-60-1500-2000-100-1-0-0.0-true-3-true-3 667 1.0 332.1133018605943 12.286006111111112
linear_road-streamsluice-streamsluice-2190-30-1000-10-2-100-20-2000-4-100-60-1875-2000-100-1-0-0.0-true-3-true-3 533 0.991113579561233 407.8086642599278 14.136413333333333
Xlinear_road-streamsluice-streamsluice-2190-30-1000-10-2-100-20-2000-4-100-60-2000-2000-100-1-0-0.0-true-3-true-1 500 1.0 383.3626770341572 14.459103888888889
Xlinear_road-streamsluice-streamsluice-2190-30-1000-10-2-100-20-2000-4-100-60-2250-2000-100-1-0-0.0-true-3-true-3 444 0.9355734518189391 707.4568175506804 16.190646666666666
linear_road-streamsluice-streamsluice-2190-30-1000-10-2-100-20-2000-4-100-60-2500-2000-100-1-0-0.0-true-3-true-1 400 0.9997222993612885 406.87142460427657 18.32025611111111

State_Size
linear_road-streamsluice-streamsluice-2190-30-1000-10-2-100-20-2000-4-100-60-1500-2000-100-1-0-0.0-true-3-true-3 50 1.0 332.1133018605943 12.286006111111112
linear_road-streamsluice-streamsluice-2190-30-1000-10-2-100-20-2000-4-100-60-1500-2000-100-1-1-0.0-true-3-true-2 100 0.9825048597611774 425.7536795334629 12.432710555555555
linear_road-streamsluice-streamsluice-2190-30-1000-10-2-100-20-2000-4-100-60-1500-2000-100-1-25-0.0-true-3-true-1 150 0.9827825603998889 418.8650374895862 12.144162222222223
Xlinear_road-streamsluice-streamsluice-2190-30-1000-10-2-100-20-2000-4-100-60-1500-2000-100-1-25-0.0-true-3-true-3 150 0.9994445987225771 361.95806720355455 12.102958888888889
Xlinear_road-streamsluice-streamsluice-2190-30-1000-10-2-100-20-2000-4-100-60-1500-2000-100-1-25-0.0-true-3-true-4 150 0.96412680756396580.2956062291435 13.608412222222222
linear_road-streamsluice-streamsluice-2190-30-1000-10-2-100-20-2000-4-100-60-1500-2000-100-1-50-0.0-true-3-true-1 200 0.9766407119021134 463.7769744160178 12.278132222222222
linear_road-streamsluice-streamsluice-2190-30-1000-10-2-100-20-2000-4-100-60-1500-2000-100-1-75-0.0-true-3-true-2 250 0.9030016675931073 772.0147304057809 13.027263333333334
Xlinear_road-streamsluice-streamsluice-2190-30-1000-10-2-100-20-2000-4-100-60-1500-2000-100-1-100-0.0-true-3-true-1 300 0.6497913769123783 4782.715716272601 15.70866111111111
linear_road-streamsluice-streamsluice-2190-30-1000-10-2-100-20-2000-4-100-60-1500-2000-100-1-200-0.0-true-3-true-1 500 0.4537791514470357 2907.488058443383 19.970969444444446

Skewness
linear_road-streamsluice-streamsluice-2190-30-1000-10-2-100-20-2000-4-100-60-1500-2000-100-1-0-0.0-true-3-true-3 0.0 1.0 332.1133018605943 12.286006111111112
linear_road-streamsluice-streamsluice-2190-30-1000-10-2-100-20-2000-4-100-60-1500-2000-100-1-0-0.125-true-3-true-5 0.125 0.9994445987225771 389.76784226603723 11.980146666666666
linear_road-streamsluice-streamsluice-2190-30-1000-10-2-100-20-2000-4-100-60-1500-2000-100-1-0-0.25-true-3-true-5 0.25 0.9997222993612885 340.5915023604554 12.11363
linear_road-streamsluice-streamsluice-2190-30-1000-10-2-100-20-2000-4-100-60-1500-2000-100-1-0-0.375-true-3-true-5 0.375 1.0 319.1502360455429 12.11363
linear_road-streamsluice-streamsluice-2190-30-1000-10-2-100-20-2000-4-100-60-1500-2000-100-1-0-0.5-true-3-true-5 0.5 1.0 333.5109691752291 12.204941111111111

